Round	Start	End	Benchmark_Elapsed	Tuning_overhead
1	1772216271.458325	1772216394.2096553	122.75133037567139	0.0
2	1772216396.5034199	1772216497.6432183	101.13979840278625	2.293764591217041
3	1772216499.9324958	1772216617.8268418	117.89434599876404	2.2892775535583496
4	1772216620.1253407	1772216728.8397925	108.71445178985596	2.2984988689422607
5	1772216731.081662	1772216839.0821662	108.0005042552948	2.2418694496154785
6	1772216841.848093	1772216941.1415155	99.29342246055603	2.7659268379211426
7	1772216943.5090423	1772217043.6462193	100.13717699050903	2.3675267696380615
8	1772217046.199344	1772217143.0504005	96.85105657577515	2.5531246662139893
9	1772217145.4490151	1772217242.6288126	97.17979741096497	2.3986146450042725
10	1772217245.0068886	1772217346.3290188	101.32213020324707	2.3780760765075684
11	1772217348.7405682	1772217445.7055182	96.96495008468628	2.4115493297576904
12	1772217448.3862157	1772217545.1053078	96.71909213066101	2.680697441101074
13	1772217547.7440703	1772217644.778327	97.03425669670105	2.6387624740600586
14	1772217647.3127584	1772217757.1165326	109.80377411842346	2.5344314575195312
15	1772217759.916069	1772217889.1133175	129.1972484588623	2.7995364665985107
16	1772217891.5098722	1772217997.9527385	106.44286632537842	2.396554708480835
17	1772218000.4305177	1772218099.025518	98.59500026702881	2.4777791500091553
18	1772218101.820266	1772218199.7455194	97.92525339126587	2.794748067855835
19	1772218203.3377824	1772218300.8032453	97.46546292304993	3.5922629833221436
20	1772218303.6571467	1772218409.768829	106.11168241500854	2.8539013862609863
21	1772218412.648028	1772218510.512522	97.86449408531189	2.8791987895965576
22	1772218513.4456913	1772218610.212402	96.76671075820923	2.933169364929199
23	1772218613.4345777	1772218742.9224484	129.4878706932068	3.2221755981445312
24	1772218745.4625788	1772218842.691553	97.22897434234619	2.540130376815796
25	1772218845.4036176	1772218942.0791407	96.67552304267883	2.712064504623413
26	1772218944.9106598	1772219041.8119032	96.90124344825745	2.83151912689209
27	1772219044.6251109	1772219142.6217408	97.9966299533844	2.8132076263427734
28	1772219145.2563908	1772219244.2845087	99.02811789512634	2.6346499919891357
29	1772219247.5966947	1772219345.907347	98.31065225601196	3.3121860027313232
30	1772219348.5898852	1772219454.6359177	106.04603242874146	2.6825382709503174
31	1772219457.6561558	1772219557.5358531	99.87969732284546	3.020238161087036
32	1772219561.3387594	1772219669.049442	107.71068263053894	3.8029062747955322
33	1772219671.8785045	1772219770.922626	99.04412150382996	2.8290624618530273
34	1772219774.4087222	1772219878.928455	104.51973295211792	3.486096143722534
35	1772219881.7366328	1772219979.9510245	98.21439170837402	2.8081777095794678
36	1772219982.7642643	1772220089.22938	106.46511554718018	2.813239812850952
37	1772220092.488033	1772220191.0426538	98.55462074279785	3.258653163909912
38	1772220194.9659684	1772220295.6569765	100.6910080909729	3.9233145713806152
39	1772220298.791144	1772220410.0083482	111.21720433235168	3.134167432785034
40	1772220413.6387563	1772220514.495183	100.85642671585083	3.6304080486297607
41	1772220518.0899916	1772220623.340039	105.25004744529724	3.594808578491211
42	1772220628.0704691	1772220726.7228723	98.6524031162262	4.7304301261901855
43	1772220730.5972476	1772220830.6257555	100.02850794792175	3.874375343322754
44	1772220836.3581219	1772220941.149112	104.79099011421204	5.732366323471069
45	1772220944.7568746	1772221050.962796	106.20592141151428	3.607762575149536
46	1772221054.0937219	1772221152.0726845	97.97896265983582	3.1309258937835693
47	1772221155.3974965	1772221261.6289647	106.2314682006836	3.3248119354248047
48	1772221266.0956616	1772221365.0277443	98.93208265304565	4.4666969776153564
49	1772221367.9811645	1772221471.9148	103.93363547325134	2.9534201622009277
50	1772221475.4691844	1772221587.519025	112.04984068870544	3.554384469985962
51	1772221590.7850718	1772221696.2321324	105.44706058502197	3.2660467624664307
52	1772221699.773132	1772221815.4538047	115.68067264556885	3.5409996509552
53	1772221818.5755143	1772221918.2345345	99.65902018547058	3.1217095851898193
54	1772221922.7865424	1772222030.8966315	108.11008906364441	4.5520079135894775
55	1772222035.056708	1772222153.53206	118.47535181045532	4.16007661819458
56	1772222156.6755297	1772222256.326016	99.65048623085022	3.14346981048584
57	1772222259.832663	1772222360.0012462	100.16858315467834	3.5066471099853516
58	1772222363.8716288	1772222461.6748457	97.8032169342041	3.87038254737854
59	1772222467.1165211	1772222566.7677307	99.65120959281921	5.441675424575806
60	1772222570.1318748	1772222670.1507864	100.01891160011292	3.3641440868377686
61	1772222673.7973144	1772222775.3743167	101.57700228691101	3.6465280055999756
62	1772222781.7446947	1772222895.6636631	113.91896843910217	6.370378017425537
63	1772222899.1910865	1772222999.3839295	100.19284296035767	3.52742338180542
64	1772223002.8728213	1772223113.831682	110.95886063575745	3.488891839981079
65	1772223117.3180063	1772223219.222025	101.90401864051819	3.4863243103027344
66	1772223222.2766461	1772223337.5070677	115.23042154312134	3.0546212196350098
67	1772223341.7044199	1772223446.3239996	104.6195797920227	4.197352170944214
68	1772223449.21413	1772223565.845467	116.63133716583252	2.8901302814483643
69	1772223569.9173844	1772223678.809935	108.8925507068634	4.071917295455933
70	1772223682.1006005	1772223782.9565597	100.85595917701721	3.2906653881073
71	1772223786.4488146	1772223886.9759593	100.52714467048645	3.4922549724578857
72	1772223893.0990045	1772223996.9065661	103.80756163597107	6.123045206069946
73	1772224000.5636249	1772224101.1776378	100.61401295661926	3.6570587158203125
74	1772224105.1821287	1772224204.0041757	98.82204699516296	4.004490852355957
75	1772224208.4414787	1772224308.4373665	99.99588775634766	4.437303066253662
76	1772224312.5104718	1772224421.5558872	109.04541540145874	4.073105335235596
77	1772224425.352249	1772224523.274774	97.92252516746521	3.7963616847991943
78	1772224528.628248	1772224627.13062	98.50237202644348	5.353473901748657
79	1772224630.7742014	1772224730.9385858	100.16438436508179	3.6435813903808594
80	1772224735.0295887	1772224836.4096138	101.38002514839172	4.091002941131592
81	1772224842.1716936	1772224943.233188	101.06149435043335	5.76207971572876
82	1772224946.9971807	1772225055.8419726	108.84479188919067	3.7639927864074707
83	1772225059.543075	1772225158.470009	98.92693400382996	3.7011024951934814
84	1772225162.189269	1772225260.8704782	98.68120908737183	3.7192599773406982
85	1772225265.779319	1772225364.9129462	99.13362717628479	4.908840894699097
86	1772225368.0123682	1772225466.5473292	98.53496098518372	3.099421977996826
87	1772225471.378221	1772225573.4821756	102.10395455360413	4.830891847610474
88	1772225577.8124819	1772225689.979966	112.16748404502869	4.3303062915802
89	1772225693.3741186	1772225795.624162	102.2500433921814	3.3941526412963867
90	1772225802.3681507	1772225903.759903	101.39175224304199	6.743988752365112
91	1772225908.020545	1772226006.7457032	98.72515821456909	4.260642051696777
92	1772226010.2035408	1772226111.8533158	101.64977502822876	3.4578375816345215
