Round	Start	End	Benchmark_Elapsed	Tuning_overhead
1	1772388810.356787	1772389139.3539352	328.99714827537537	0.0
2	1772389141.61362	1772389437.204208	295.5905878543854	2.2596848011016846
3	1772389439.4739454	1772389768.9808064	329.5068609714508	2.269737482070923
4	1772389771.5461237	1772390068.7972243	297.25110054016113	2.565317392349243
5	1772390071.2153304	1772390361.8800342	290.6647038459778	2.4181060791015625
6	1772390364.2753146	1772390680.9569829	316.6816682815552	2.395280361175537
7	1772390683.3843503	1772390975.5497031	292.1653528213501	2.4273674488067627
8	1772390977.940959	1772391307.3447428	329.4037837982178	2.3912558555603027
9	1772391309.9385912	1772391604.0441692	294.10557794570923	2.593848466873169
10	1772391606.5726295	1772391898.3478837	291.77525424957275	2.5284602642059326
11	1772391901.1054144	1772392199.0608206	297.95540618896484	2.757530689239502
12	1772392202.8326488	1772392494.4765205	291.6438717842102	3.7718281745910645
13	1772392496.9823143	1772392785.801894	288.81957960128784	2.505793809890747
14	1772392789.745663	1772393084.99303	295.247367143631	3.9437689781188965
15	1772393088.0718613	1772393377.6841543	289.6122930049896	3.078831195831299
16	1772393381.178671	1772393672.685472	291.50680112838745	3.494516611099243
17	1772393675.4603803	1772393966.9718277	291.511447429657	2.7749083042144775
18	1772393970.1624892	1772394264.016351	293.85386180877686	3.1906614303588867
19	1772394267.1526132	1772394557.4329515	290.2803382873535	3.1362621784210205
20	1772394560.3823733	1772394850.2767756	289.8944022655487	2.9494218826293945
21	1772394853.5991566	1772395144.7736614	291.1745047569275	3.322381019592285
22	1772395149.2133691	1772395439.7799573	290.56658816337585	4.4397077560424805
23	1772395443.2313273	1772395731.907417	288.67608976364136	3.4513700008392334
24	1772395737.6425962	1772396027.6463594	290.00376319885254	5.73517918586731
25	1772396031.0236773	1772396321.169192	290.1455147266388	3.3773179054260254
26	1772396324.8431711	1772396614.4258137	289.5826425552368	3.6739790439605713
27	1772396620.0084696	1772396913.2481027	293.2396330833435	5.582655906677246
28	1772396916.5687263	1772397209.0398674	292.4711410999298	3.3206236362457275
29	1772397212.814585	1772397508.9192867	296.10470175743103	3.7747175693511963
30	1772397512.0421543	1772397808.3049717	296.2628173828125	3.1228675842285156
31	1772397811.56433	1772398108.4148355	296.85050535202026	3.2593584060668945
32	1772398111.5271535	1772398402.5650916	291.03793811798096	3.1123180389404297
33	1772398406.6028721	1772398702.5234005	295.92052841186523	4.037780523300171
34	1772398705.5511541	1772398996.347191	290.79603695869446	3.0277535915374756
35	1772399000.0087729	1772399292.061003	292.0522301197052	3.6615817546844482
36	1772399295.2770314	1772399584.8069844	289.5299530029297	3.2160284519195557
37	1772399587.8807049	1772399877.9617321	290.0810272693634	3.0737204551696777
38	1772399881.152946	1772400170.395824	289.2428779602051	3.191213846206665
39	1772400173.6631165	1772400464.433856	290.7707395553589	3.2672924995422363
40	1772400468.4752214	1772400758.689299	290.21407771110535	4.041365385055542
41	1772400761.8267558	1772401053.434513	291.6077573299408	3.1374566555023193
42	1772401057.0070193	1772401346.8835793	289.87655997276306	3.5725061893463135
43	1772401356.4526048	1772401671.6249976	315.1723928451538	9.56902551651001
44	1772401675.468454	1772401964.2947326	288.82627868652344	3.843456268310547
45	1772401967.4404113	1772402259.980374	292.5399627685547	3.145678758621216
46	1772402262.9308734	1772402553.1094735	290.1786000728607	2.9504992961883545
47	1772402556.5805242	1772402849.152372	292.57184767723083	3.47105073928833
48	1772402854.1243684	1772403145.6389356	291.5145671367645	4.971996545791626
49	1772403148.682438	1772403441.3283823	292.64594435691833	3.0435023307800293
50	1772403444.5261478	1772403735.0461063	290.51995849609375	3.197765588760376
51	1772403739.300636	1772404054.287085	314.9864490032196	4.254529714584351
52	1772404060.6593382	1772404350.2853758	289.62603759765625	6.372253179550171
53	1772404354.705606	1772404643.0141633	288.3085572719574	4.420230150222778
54	1772404647.4589286	1772404937.6046927	290.14576411247253	4.444765329360962
55	1772404940.7436736	1772405232.962447	292.21877336502075	3.1389808654785156
56	1772405236.4151864	1772405529.167047	292.7518606185913	3.4527394771575928
57	1772405533.2315843	1772405822.504482	289.2728977203369	4.064537286758423
58	1772405826.547172	1772406115.6293364	289.08216428756714	4.04269003868103
59	1772406118.7515366	1772406448.127709	329.37617230415344	3.1222002506256104
60	1772406451.008671	1772406739.836249	288.82757806777954	2.8809621334075928
61	1772406742.8134496	1772407032.1195796	289.30612993240356	2.977200508117676
62	1772407035.0326447	1772407323.3950598	288.3624150753021	2.913065195083618
63	1772407326.106498	1772407612.1827812	286.07628321647644	2.7114381790161133
64	1772407615.112136	1772407903.8615167	288.7493808269501	2.929354667663574
65	1772407907.1061442	1772408196.0694985	288.96335434913635	3.2446274757385254
66	1772408200.4267569	1772408489.2544417	288.827684879303	4.357258319854736
67	1772408492.1781452	1772408780.753044	288.5748987197876	2.92370343208313
68	1772408783.9083104	1772409070.5273976	286.6190872192383	3.155266523361206
69	1772409073.8863082	1772409363.0593376	289.17302942276	3.35891056060791
70	1772409366.0067396	1772409654.4350157	288.4282760620117	2.947402000427246
71	1772409657.1580782	1772409949.1280797	291.9700014591217	2.723062515258789
72	1772409952.6621928	1772410241.267385	288.60519218444824	3.5341131687164307
73	1772410244.2776597	1772410537.19648	292.91882038116455	3.010274648666382
74	1772410539.9989734	1772410827.6515048	287.65253138542175	2.8024933338165283
75	1772410830.8478725	1772411120.6568966	289.8090240955353	3.1963677406311035
76	1772411123.4388027	1772411415.4436595	292.0048568248749	2.7819061279296875
77	1772411418.3970826	1772411706.694154	288.2970714569092	2.953423023223877
78	1772411709.6753144	1772411997.4211907	287.74587631225586	2.9811604022979736
79	1772412000.6107545	1772412291.1279218	290.5171673297882	3.189563751220703
80	1772412294.1161926	1772412582.0609357	287.9447431564331	2.9882707595825195
81	1772412584.9131875	1772412879.9380624	295.0248749256134	2.8522517681121826
82	1772412883.3893466	1772413171.2447915	287.8554449081421	3.451284170150757
83	1772413174.153106	1772413465.2101126	291.0570065975189	2.9083144664764404
84	1772413468.22501	1772413758.9969146	290.77190470695496	3.014897346496582
85	1772413762.0396593	1772414048.9442928	286.9046335220337	3.0427446365356445
86	1772414051.8290105	1772414340.3882096	288.55919909477234	2.8847177028656006
87	1772414344.3393972	1772414633.327021	288.98762369155884	3.9511876106262207
88	1772414636.031627	1772414931.6404865	295.608859539032	2.704606056213379
89	1772414934.55336	1772415225.0564718	290.50311183929443	2.9128735065460205
90	1772415228.2211866	1772415521.525606	293.3044192790985	3.164714813232422
91	1772415524.540021	1772415814.8848927	290.3448717594147	3.0144150257110596
92	1772415818.0094123	1772416109.7495432	291.74013090133667	3.1245195865631104
